0.0 0.0 23.0 61.0 -66.0 88.0 318.0 77.0 125.0 -33.0 0.0 0.0 0.0 0.0 0.0 0.0 0.0 0.0 0.0 0.0 
0.0 0.0 192.0 59.0 -66.0 88.0 158.0 77.0 132.0 -26.0 0.0 0.0 0.0 0.0 0.0 0.0 0.0 0.0 0.0 0.0 
0.0 0.0 67.0 57.0 -66.0 88.0 301.0 70.0 132.0 -26.0 0.0 0.0 0.0 0.0 0.0 0.0 0.0 0.0 0.0 0.0 
0.0 0.0 192.0 59.0 -66.0 88.0 158.0 77.0 132.0 -26.0 0.0 0.0 0.0 0.0 0.0 0.0 0.0 0.0 0.0 0.0 
0.0 0.0 67.0 57.0 -66.0 88.0 301.0 70.0 132.0 -26.0 0.0 0.0 0.0 0.0 0.0 0.0 0.0 0.0 0.0 0.0
0.0 0.0 192.0 59.0 -66.0 88.0 158.0 77.0 132.0 -26.0 0.0 0.0 0.0 0.0 0.0 0.0 0.0 0.0 0.0 0.0 
0.0 0.0 67.0 57.0 -66.0 88.0 301.0 70.0 132.0 -26.0 0.0 0.0 0.0 0.0 0.0 0.0 0.0 0.0 0.0 0.0
0.0 0.0 10.0 43.0 -22.0 118.0 0.0 0.0 0.0 0.0 0.0 0.0 0.0 0.0 0.0 0.0 0.0 0.0 0.0 0.0 
0.0 0.0 10.0 43.0 -22.0 118.0 0.0 0.0 0.0 0.0 0.0 0.0 0.0 0.0 0.0 0.0 0.0 0.0 0.0 0.0 
3.0 19.0 47.0 111.0 45.0 71.0 30.0 -103.0 58.0 -99.0 0.0 0.0 0.0 0.0 0.0 0.0 0.0 0.0 0.0 0.0 
3.0 19.0 47.0 111.0 45.0 71.0 30.0 -103.0 58.0 -99.0 0.0 0.0 0.0 0.0 0.0 0.0 0.0 0.0 0.0 0.0 
4.0 25.0 23.0 109.0 -32.0 67.0 -18.0 -129.0 34.0 -26.0 0.0 0.0 0.0 0.0 0.0 0.0 0.0 0.0 0.0 0.0 
4.0 25.0 36.0 115.0 -10.0 25.0 40.0 -146.0 -14.0 -26.0 -73.0 -11.0 74.0 44.0 0.0 0.0 0.0 0.0 0.0 0.0 
4.0 25.0 23.0 109.0 -32.0 67.0 -18.0 -129.0 34.0 -26.0 0.0 0.0 0.0 0.0 0.0 0.0 0.0 0.0 0.0 0.0 
4.0 25.0 36.0 115.0 -10.0 25.0 40.0 -146.0 -14.0 -26.0 -73.0 -11.0 74.0 44.0 0.0 0.0 0.0 0.0 0.0 0.0 
4.0 25.0 114.0 25.0 9.0 22.0 106.0 -53.0 52.0 36.0 -1.0 -36.0 18.0 43.0 0.0 0.0 0.0 0.0 0.0 0.0 
3.0 19.0 47.0 111.0 45.0 71.0 30.0 -103.0 58.0 -99.0 0.0 0.0 0.0 0.0 0.0 0.0 0.0 0.0 0.0 0.0 
3.0 19.0 47.0 111.0 45.0 71.0 30.0 -103.0 58.0 -99.0 0.0 0.0 0.0 0.0 0.0 0.0 0.0 0.0 0.0 0.0 
0.0 0.0 45.0 62.0 30.0 107.0 119.0 335.0 0.0 0.0 0.0 0.0 0.0 0.0 0.0 0.0 0.0 0.0 0.0 0.0 
0.0 0.0 45.0 62.0 30.0 107.0 119.0 335.0 0.0 0.0 0.0 0.0 0.0 0.0 0.0 0.0 0.0 0.0 0.0 0.0 
0.0 0.0 192.0 59.0 -66.0 88.0 158.0 77.0 132.0 -26.0 0.0 0.0 0.0 0.0 0.0 0.0 0.0 0.0 0.0 0.0 
0.0 0.0 67.0 57.0 -66.0 88.0 301.0 70.0 132.0 -26.0 0.0 0.0 0.0 0.0 0.0 0.0 0.0 0.0 0.0 0.0 
0.0 0.0 192.0 59.0 -66.0 88.0 158.0 77.0 132.0 -26.0 0.0 0.0 0.0 0.0 0.0 0.0 0.0 0.0 0.0 0.0 
0.0 0.0 67.0 57.0 -66.0 88.0 301.0 70.0 132.0 -26.0 0.0 0.0 0.0 0.0 0.0 0.0 0.0 0.0 0.0 0.0

