0.0 0.0 23.0 61.0 -66.0 88.0 318.0 77.0 125.0 -33.0 0.0 0.0 0.0 0.0 0.0 0.0 0.0 0.0 0.0 0.0 
0.0 0.0 192.0 59.0 -66.0 88.0 158.0 77.0 132.0 -26.0 0.0 0.0 0.0 0.0 0.0 0.0 0.0 0.0 0.0 0.0 
0.0 0.0 67.0 57.0 -66.0 88.0 301.0 70.0 132.0 -26.0 0.0 0.0 0.0 0.0 0.0 0.0 0.0 0.0 0.0 0.0 
0.0 0.0 192.0 59.0 -66.0 88.0 158.0 77.0 132.0 -26.0 0.0 0.0 0.0 0.0 0.0 0.0 0.0 0.0 0.0 0.0 
0.0 0.0 67.0 57.0 -66.0 88.0 301.0 70.0 132.0 -26.0 0.0 0.0 0.0 0.0 0.0 0.0 0.0 0.0 0.0 0.0
0.0 0.0 192.0 59.0 -66.0 88.0 158.0 77.0 132.0 -26.0 0.0 0.0 0.0 0.0 0.0 0.0 0.0 0.0 0.0 0.0 
0.0 0.0 67.0 57.0 -66.0 88.0 301.0 70.0 132.0 -26.0 0.0 0.0 0.0 0.0 0.0 0.0 0.0 0.0 0.0 0.0
0.0 0.0 10.0 43.0 -22.0 118.0 0.0 0.0 0.0 0.0 0.0 0.0 0.0 0.0 0.0 0.0 0.0 0.0 0.0 0.0 
0.0 0.0 10.0 43.0 -22.0 118.0 0.0 0.0 0.0 0.0 0.0 0.0 0.0 0.0 0.0 0.0 0.0 0.0 0.0 0.0 
3.0 19.0 47.0 111.0 45.0 71.0 30.0 -103.0 58.0 -99.0 0.0 0.0 0.0 0.0 0.0 0.0 0.0 0.0 0.0 0.0 
3.0 19.0 47.0 111.0 45.0 71.0 30.0 -103.0 58.0 -99.0 0.0 0.0 0.0 0.0 0.0 0.0 0.0 0.0 0.0 0.0 
4.0 25.0 23.0 109.0 -32.0 67.0 -18.0 -129.0 34.0 -26.0 0.0 0.0 0.0 0.0 0.0 0.0 0.0 0.0 0.0 0.0 
4.0 25.0 36.0 115.0 -10.0 25.0 40.0 -146.0 -14.0 -26.0 -73.0 -11.0 74.0 44.0 0.0 0.0 0.0 0.0 0.0 0.0 
4.0 25.0 23.0 109.0 -32.0 67.0 -18.0 -129.0 34.0 -26.0 0.0 0.0 0.0 0.0 0.0 0.0 0.0 0.0 0.0 0.0 
4.0 25.0 36.0 115.0 -10.0 25.0 40.0 -146.0 -14.0 -26.0 -73.0 -11.0 74.0 44.0 0.0 0.0 0.0 0.0 0.0 0.0 
4.0 25.0 114.0 25.0 9.0 22.0 106.0 -53.0 52.0 36.0 -1.0 -36.0 18.0 43.0 0.0 0.0 0.0 0.0 0.0 0.0 
3.0 19.0 47.0 111.0 45.0 71.0 30.0 -103.0 58.0 -99.0 0.0 0.0 0.0 0.0 0.0 0.0 0.0 0.0 0.0 0.0 
3.0 19.0 47.0 111.0 45.0 71.0 30.0 -103.0 58.0 -99.0 0.0 0.0 0.0 0.0 0.0 0.0 0.0 0.0 0.0 0.0 
0.0 0.0 45.0 62.0 30.0 107.0 119.0 335.0 0.0 0.0 0.0 0.0 0.0 0.0 0.0 0.0 0.0 0.0 0.0 0.0 
0.0 0.0 45.0 62.0 30.0 107.0 119.0 335.0 0.0 0.0 0.0 0.0 0.0 0.0 0.0 0.0 0.0 0.0 0.0 0.0 
0.0 0.0 192.0 59.0 -66.0 88.0 158.0 77.0 132.0 -26.0 0.0 0.0 0.0 0.0 0.0 0.0 0.0 0.0 0.0 0.0 
0.0 0.0 67.0 57.0 -66.0 88.0 301.0 70.0 132.0 -26.0 0.0 0.0 0.0 0.0 0.0 0.0 0.0 0.0 0.0 0.0 
0.0 0.0 192.0 59.0 -66.0 88.0 158.0 77.0 132.0 -26.0 0.0 0.0 0.0 0.0 0.0 0.0 0.0 0.0 0.0 0.0 
0.0 0.0 67.0 57.0 -66.0 88.0 301.0 70.0 132.0 -26.0 0.0 0.0 0.0 0.0 0.0 0.0 0.0 0.0 0.0 0.0
-3.0 32.0 0.0 0.0 118.0 1.0 24.0 -114.0 32.0 -79.0 9.0 9.0 11.0 11.0 -14.0 20.0 34.0 -22.0 0.0 0.0 
-3.0 32.0 0.0 0.0 -61.0 40.0 36.0 -116.0 5.0 -109.0 9.0 9.0 -20.0 381.0 -13.0 2.0 -4.0 -26.0 0.0 0.0 
-3.0 32.0 0.0 0.0 103.0 11.0 36.0 -116.0 61.0 -104.0 -18.0 16.0 35.0 388.0 -31.0 21.0 12.0 -14.0 0.0 0.0 
-3.0 32.0 0.0 0.0 1.0 -31.0 48.0 -106.0 12.0 -117.0 -2.0 1.0 13.0 375.0 -5.0 21.0 4.0 -2.0 0.0 0.0 
-1.0 -27.0 44.0 36.0 57.0 151.0 80.0 -16.0 77.0 -165.0 -35.0 -11.0 -3.0 13.0 -6.0 7.0 0.0 0.0 0.0 0.0 
-1.0 -27.0 8.0 29.0 57.0 151.0 17.0 -11.0 77.0 -165.0 -9.0 -5.0 -3.0 13.0 35.0 -52.0 0.0 0.0 0.0 0.0 
-1.0 -27.0 44.0 36.0 57.0 151.0 80.0 -16.0 77.0 -165.0 -35.0 -11.0 -3.0 13.0 -6.0 7.0 0.0 0.0 0.0 0.0 
-1.0 -27.0 8.0 29.0 57.0 151.0 17.0 -11.0 77.0 -165.0 -9.0 -5.0 -3.0 13.0 35.0 -52.0 0.0 0.0 0.0 0.0 
-1.0 -27.0 44.0 36.0 57.0 151.0 80.0 -16.0 77.0 -165.0 -35.0 -11.0 -3.0 13.0 -6.0 7.0 0.0 0.0 0.0 0.0 
-1.0 3.0 67.0 26.0 68.0 144.0 30.0 -39.0 41.0 -138.0 -60.0 5.0 0.0 0.0 0.0 0.0 0.0 0.0 0.0 0.0 
-1.0 3.0 12.0 35.0 68.0 144.0 5.0 -43.0 41.0 -138.0 61.0 40.0 0.0 0.0 0.0 0.0 0.0 0.0 0.0 0.0 
-1.0 3.0 88.0 36.0 68.0 144.0 76.0 -38.0 132.0 -220.0 -8.0 38.0 -11.0 -14.0 -63.0 2.0 0.0 0.0 0.0 0.0 
-1.0 3.0 40.0 30.0 68.0 144.0 47.0 -30.0 132.0 -220.0 -8.0 38.0 -4.0 -8.0 58.0 5.0 0.0 0.0 0.0 0.0 
-1.0 3.0 67.0 26.0 68.0 144.0 30.0 -39.0 41.0 -138.0 -60.0 5.0 0.0 0.0 0.0 0.0 0.0 0.0 0.0 0.0 
-1.0 3.0 12.0 35.0 68.0 144.0 5.0 -43.0 41.0 -138.0 61.0 40.0 0.0 0.0 0.0 0.0 0.0 0.0 0.0 0.0 
-1.0 3.0 88.0 36.0 68.0 144.0 76.0 -38.0 132.0 -220.0 -8.0 38.0 -11.0 -14.0 -63.0 2.0 0.0 0.0 0.0 0.0 
-1.0 3.0 40.0 30.0 68.0 144.0 47.0 -30.0 132.0 -220.0 -8.0 38.0 -4.0 -8.0 58.0 5.0 0.0 0.0 0.0 0.0 

